score_thresh=0.230000
f1=0.994475
precision=1.000000
recall=0.989011
tp=90
fp=0
fn=1
