score_thresh=0.000000
f1=0.000000
precision=0.000000
recall=0.000000
tp=0
fp=863
fn=91
